Kód ADM;Kód obce;Název obce;Kód MOMC;Název MOMC;Kód obvodu Prahy;Název obvodu Prahy;Kód èásti obce;Název èásti obce;Kód ulice;Název ulice;Typ SO;Èíslo domovní;Èíslo orientaèní;Znak èísla orientaèního;PSÈ;Souøadnice Y;Souøadnice X;Platí Od
13176749;583031;Holasice;;;;;40771;Holasice;38148;Václavská;è.p.;1;;;66461;599581.28;1173786.15;2013-12-01T00:00:00
13176757;583031;Holasice;;;;;40771;Holasice;38148;Václavská;è.p.;2;;;66461;599509.19;1173823.58;2013-12-01T00:00:00
13176765;583031;Holasice;;;;;40771;Holasice;38148;Václavská;è.p.;3;;;66461;599429.37;1173872.74;2013-12-01T00:00:00
13176773;583031;Holasice;;;;;40771;Holasice;38148;Václavská;è.p.;4;;;66461;599417.63;1173896.41;2019-09-13T00:00:00
13176781;583031;Holasice;;;;;40771;Holasice;38148;Václavská;è.p.;5;;;66461;599400.13;1173912.79;2013-12-01T00:00:00
13176803;583031;Holasice;;;;;40771;Holasice;38121;Palackého;è.p.;7;;;66461;599574.58;1173917.69;2013-12-01T00:00:00
13176811;583031;Holasice;;;;;40771;Holasice;38148;Václavská;è.p.;8;;;66461;599428.00;1174006.35;2020-05-11T00:00:00
13176820;583031;Holasice;;;;;40771;Holasice;38148;Václavská;è.p.;9;;;66461;599427.57;1174019.74;2013-12-01T00:00:00
13176838;583031;Holasice;;;;;40771;Holasice;38148;Václavská;è.p.;10;;;66461;599428.66;1174047.96;2013-12-01T00:00:00
13176846;583031;Holasice;;;;;40771;Holasice;38148;Václavská;è.p.;11;;;66461;599433.77;1174057.27;2013-12-01T00:00:00
13176854;583031;Holasice;;;;;40771;Holasice;38148;Václavská;è.p.;12;;;66461;599441.51;1174080.08;2013-12-01T00:00:00
13176871;583031;Holasice;;;;;40771;Holasice;38148;Václavská;è.p.;14;;;66461;599446.66;1174109.56;2015-03-04T00:00:00
13176889;583031;Holasice;;;;;40771;Holasice;38148;Václavská;è.p.;15;;;66461;599464.14;1174095.37;2013-12-01T00:00:00
13176897;583031;Holasice;;;;;40771;Holasice;38148;Václavská;è.p.;16;;;66461;599506.15;1174098.75;2013-12-01T00:00:00
13176901;583031;Holasice;;;;;40771;Holasice;38113;námìstí Rudé armády;è.p.;17;;;66461;599675.43;1173772.18;2013-12-01T00:00:00
13176919;583031;Holasice;;;;;40771;Holasice;38148;Václavská;è.p.;18;;;66461;599522.35;1174083.85;2013-12-01T00:00:00
13176927;583031;Holasice;;;;;40771;Holasice;38148;Václavská;è.p.;19;;;66461;599509.66;1174067.31;2013-12-01T00:00:00
13176935;583031;Holasice;;;;;40771;Holasice;38148;Václavská;è.p.;20;;;66461;599501.76;1174058.35;2013-12-01T00:00:00
13176943;583031;Holasice;;;;;40771;Holasice;38148;Václavská;è.p.;21;;;66461;599510.67;1174032.81;2022-11-14T00:00:00
13176951;583031;Holasice;;;;;40771;Holasice;38148;Václavská;è.p.;22;;;66461;599488.07;1174035.59;2013-12-01T00:00:00
13176960;583031;Holasice;;;;;40771;Holasice;38148;Václavská;è.p.;23;;;66461;599477.63;1173995.94;2013-12-01T00:00:00
13176978;583031;Holasice;;;;;40771;Holasice;38121;Palackého;è.p.;24;;;66461;599599.94;1173872.46;2013-12-01T00:00:00
13176986;583031;Holasice;;;;;40771;Holasice;38148;Václavská;è.p.;25;;;66461;599456.21;1173957.09;2019-11-01T00:00:00
13176994;583031;Holasice;;;;;40771;Holasice;38148;Václavská;è.p.;26;;;66461;599477.51;1173937.28;2013-12-01T00:00:00
13177001;583031;Holasice;;;;;40771;Holasice;38148;Václavská;è.p.;27;;;66461;599462.91;1173924.11;2022-11-14T00:00:00
13177010;583031;Holasice;;;;;40771;Holasice;38148;Václavská;è.p.;28;;;66461;599469.11;1173914.35;2013-12-01T00:00:00
13177028;583031;Holasice;;;;;40771;Holasice;38148;Václavská;è.p.;29;;;66461;599461.56;1173892.52;2013-12-01T00:00:00
13177036;583031;Holasice;;;;;40771;Holasice;38148;Václavská;è.p.;30;;;66461;599459.66;1173880.93;2022-09-14T00:00:00
13177044;583031;Holasice;;;;;40771;Holasice;38148;Václavská;è.p.;31;;;66461;599466.15;1173871.97;2013-12-01T00:00:00
13177061;583031;Holasice;;;;;40771;Holasice;38130;Úzká;è.p.;34;;;66461;599464.37;1173973.97;2013-12-01T00:00:00
13177079;583031;Holasice;;;;;40771;Holasice;38091;J. Fuèíka;è.p.;35;;;66461;599681.02;1173571.98;2013-12-01T00:00:00
13177087;583031;Holasice;;;;;40771;Holasice;38130;Úzká;è.p.;36;;;66461;599496.54;1173975.96;2013-12-01T00:00:00
13177095;583031;Holasice;;;;;40771;Holasice;38130;Úzká;è.p.;37;;;66461;599507.37;1173975.17;2013-12-01T00:00:00
13177109;583031;Holasice;;;;;40771;Holasice;38130;Úzká;è.p.;38;;;66461;599520.91;1173980.99;2013-12-01T00:00:00
13177117;583031;Holasice;;;;;40771;Holasice;38130;Úzká;è.p.;39;;;66461;599531.35;1173960.63;2019-06-24T00:00:00
13177125;583031;Holasice;;;;;40771;Holasice;38083;Èsl. armády;è.p.;40;;;66461;599693.51;1174219.50;2013-12-01T00:00:00
13177133;583031;Holasice;;;;;40771;Holasice;38130;Úzká;è.p.;41;;;66461;599545.89;1173975.30;2013-12-01T00:00:00
13177141;583031;Holasice;;;;;40771;Holasice;38130;Úzká;è.p.;42;;;66461;599552.66;1173973.32;2013-12-01T00:00:00
13177150;583031;Holasice;;;;;40771;Holasice;38083;Èsl. armády;è.p.;43;;;66461;599686.92;1174264.14;2013-12-01T00:00:00
13177168;583031;Holasice;;;;;40771;Holasice;38130;Úzká;è.p.;44;;;66461;599580.46;1173948.70;2013-12-01T00:00:00
13177176;583031;Holasice;;;;;40771;Holasice;38130;Úzká;è.p.;45;;;66461;599563.38;1173971.73;2013-12-01T00:00:00
13177184;583031;Holasice;;;;;40771;Holasice;38148;Václavská;è.p.;46;;;66461;599561.39;1173795.93;2022-05-03T00:00:00
13177192;583031;Holasice;;;;;40771;Holasice;38121;Palackého;è.p.;47;;;66461;599633.89;1174006.67;2013-12-01T00:00:00
13177206;583031;Holasice;;;;;40771;Holasice;38121;Palackého;è.p.;48;;;66461;599632.90;1174020.54;2013-12-01T00:00:00
13177214;583031;Holasice;;;;;40771;Holasice;38121;Palackého;è.p.;49;;;66461;599632.90;1174041.62;2013-12-01T00:00:00
13177222;583031;Holasice;;;;;40771;Holasice;38121;Palackého;è.p.;51;;;66461;599632.53;1174027.72;2013-12-01T00:00:00
13177231;583031;Holasice;;;;;40771;Holasice;38121;Palackého;è.p.;52;;;66461;599631.30;1174088.01;2013-12-01T00:00:00
13177249;583031;Holasice;;;;;40771;Holasice;38121;Palackého;è.p.;53;;;66461;599626.50;1174032.99;2015-05-27T00:00:00
13177257;583031;Holasice;;;;;40771;Holasice;38121;Palackého;è.p.;54;;;66461;599633.64;1174013.39;2013-12-01T00:00:00
13177265;583031;Holasice;;;;;40771;Holasice;;;è.p.;55;;;66461;600167.83;1173673.57;2013-12-01T00:00:00
13177273;583031;Holasice;;;;;40771;Holasice;38121;Palackého;è.p.;56;;;66461;599631.06;1174077.47;2013-12-01T00:00:00
13177281;583031;Holasice;;;;;40771;Holasice;38121;Palackého;è.p.;57;;;66461;599632.54;1174048.75;2013-12-01T00:00:00
13177290;583031;Holasice;;;;;40771;Holasice;38121;Palackého;è.p.;58;;;66461;599627.63;1174121.18;2013-12-01T00:00:00
13177303;583031;Holasice;;;;;40771;Holasice;38121;Palackého;è.p.;59;;;66461;599631.18;1174063.11;2013-12-01T00:00:00
13177311;583031;Holasice;;;;;40771;Holasice;38121;Palackého;è.p.;60;;;66461;599618.75;1174120.24;2013-12-01T00:00:00
13177320;583031;Holasice;;;;;40771;Holasice;;;è.p.;61;;;66461;599991.95;1174726.66;2022-11-14T00:00:00
13177338;583031;Holasice;;;;;40771;Holasice;38121;Palackého;è.p.;62;;;66461;599629.82;1174097.44;2013-12-01T00:00:00
13177346;583031;Holasice;;;;;40771;Holasice;38148;Václavská;è.p.;63;;;66461;599415.49;1173922.97;2013-12-01T00:00:00
13177354;583031;Holasice;;;;;40771;Holasice;38148;Václavská;è.p.;64;;;66461;599478.62;1174023.33;2013-12-01T00:00:00
13177362;583031;Holasice;;;;;40771;Holasice;38121;Palackého;è.p.;65;;;66461;599744.90;1174100.24;2013-12-01T00:00:00
13177371;583031;Holasice;;;;;40771;Holasice;38091;J. Fuèíka;è.p.;66;;;66461;599686.39;1173546.83;2013-12-01T00:00:00
13177389;583031;Holasice;;;;;40771;Holasice;38083;Èsl. armády;è.p.;67;;;66461;599718.49;1174238.11;2013-12-01T00:00:00
13177397;583031;Holasice;;;;;40771;Holasice;38148;Václavská;è.p.;68;;;66461;599475.66;1174017.24;2013-12-01T00:00:00
13177401;583031;Holasice;;;;;40771;Holasice;38121;Palackého;è.p.;69;;;66461;599609.26;1174122.14;2013-12-01T00:00:00
13177419;583031;Holasice;;;;;40771;Holasice;38121;Palackého;è.p.;70;;;66461;599601.65;1174028.67;2013-12-01T00:00:00
13177427;583031;Holasice;;;;;40771;Holasice;38130;Úzká;è.p.;71;;;66461;599516.54;1173982.45;2013-12-01T00:00:00
13177435;583031;Holasice;;;;;40771;Holasice;38121;Palackého;è.p.;72;;;66461;599636.48;1173978.53;2013-12-01T00:00:00
13177443;583031;Holasice;;;;;40771;Holasice;38148;Václavská;è.p.;73;;;66461;599415.49;1173967.86;2013-12-01T00:00:00
13177451;583031;Holasice;;;;;40771;Holasice;38148;Václavská;è.p.;74;;;66461;599427.66;1173883.69;2013-12-01T00:00:00
13177460;583031;Holasice;;;;;40771;Holasice;;;è.p.;75;;;66461;600259.72;1173739.48;2013-12-01T00:00:00
13177478;583031;Holasice;;;;;40771;Holasice;38148;Václavská;è.p.;76;;;66461;599428.98;1173913.35;2013-12-01T00:00:00
13177486;583031;Holasice;;;;;40771;Holasice;38148;Václavská;è.p.;77;;;66461;599573.22;1173789.58;2013-12-01T00:00:00
13177508;583031;Holasice;;;;;40771;Holasice;38148;Václavská;è.p.;79;;;66461;599528.74;1173845.74;2013-12-01T00:00:00
13177516;583031;Holasice;;;;;40771;Holasice;38148;Václavská;è.p.;80;;;66461;599589.75;1173782.66;2013-12-01T00:00:00
13177524;583031;Holasice;;;;;40771;Holasice;38148;Václavská;è.p.;81;;;66461;599444.93;1174126.72;2013-12-01T00:00:00
13177532;583031;Holasice;;;;;40771;Holasice;38148;Václavská;è.p.;82;;;66461;599456.16;1174134.04;2018-01-31T00:00:00
13177541;583031;Holasice;;;;;40771;Holasice;38075;Brnìnská;è.p.;83;;;66461;599814.33;1173700.11;2013-12-01T00:00:00
13177559;583031;Holasice;;;;;40771;Holasice;38075;Brnìnská;è.p.;84;;;66461;599848.13;1173729.27;2013-12-01T00:00:00
13177567;583031;Holasice;;;;;40771;Holasice;38075;Brnìnská;è.p.;85;;;66461;599851.11;1173736.88;2013-12-01T00:00:00
13177575;583031;Holasice;;;;;40771;Holasice;38075;Brnìnská;è.p.;86;;;66461;599854.76;1173743.10;2013-12-01T00:00:00
13177583;583031;Holasice;;;;;40771;Holasice;38075;Brnìnská;è.p.;87;;;66461;599857.91;1173750.72;2013-12-01T00:00:00
13177591;583031;Holasice;;;;;40771;Holasice;38075;Brnìnská;è.p.;88;;;66461;599860.72;1173758.49;2013-12-01T00:00:00
13177605;583031;Holasice;;;;;40771;Holasice;38075;Brnìnská;è.p.;89;;;66461;599863.68;1173767.74;2013-12-01T00:00:00
13177613;583031;Holasice;;;;;40771;Holasice;38075;Brnìnská;è.p.;90;;;66461;599866.67;1173775.35;2013-12-01T00:00:00
13177621;583031;Holasice;;;;;40771;Holasice;38075;Brnìnská;è.p.;91;;;66461;599867.50;1173783.44;2013-12-01T00:00:00
13177630;583031;Holasice;;;;;40771;Holasice;38075;Brnìnská;è.p.;92;;;66461;599874.01;1173784.34;2020-05-11T00:00:00
13177648;583031;Holasice;;;;;40771;Holasice;38075;Brnìnská;è.p.;93;;;66461;599873.63;1173793.69;2013-12-01T00:00:00
13177656;583031;Holasice;;;;;40771;Holasice;38075;Brnìnská;è.p.;94;;;66461;599875.12;1173801.93;2013-12-01T00:00:00
13177664;583031;Holasice;;;;;40771;Holasice;38075;Brnìnská;è.p.;95;;;66461;599881.07;1173808.86;2020-05-11T00:00:00
13177672;583031;Holasice;;;;;40771;Holasice;38075;Brnìnská;è.p.;96;;;66461;599879.08;1173816.64;2013-12-01T00:00:00
13177681;583031;Holasice;;;;;40771;Holasice;38075;Brnìnská;è.p.;97;;;66461;599880.57;1173824.25;2013-12-01T00:00:00
13177699;583031;Holasice;;;;;40771;Holasice;38075;Brnìnská;è.p.;98;;;66461;599885.55;1173828.34;2023-10-27T00:00:00
13177702;583031;Holasice;;;;;40771;Holasice;38075;Brnìnská;è.p.;99;;;66461;599885.71;1173842.28;2013-12-01T00:00:00
13177711;583031;Holasice;;;;;40771;Holasice;38075;Brnìnská;è.p.;100;;;66461;599888.86;1173850.52;2013-12-01T00:00:00
13177729;583031;Holasice;;;;;40771;Holasice;38130;Úzká;è.p.;101;;;66461;599588.92;1173947.51;2013-12-01T00:00:00
13177737;583031;Holasice;;;;;40771;Holasice;38148;Václavská;è.p.;102;;;66461;599420.46;1173961.39;2022-05-10T00:00:00
13177745;583031;Holasice;;;;;40771;Holasice;38121;Palackého;è.p.;103;;;66461;599587.67;1173856.15;2013-12-01T00:00:00
13177753;583031;Holasice;;;;;40771;Holasice;38075;Brnìnská;è.p.;104;;;66461;599889.52;1173858.45;2013-12-01T00:00:00
13177761;583031;Holasice;;;;;40771;Holasice;38148;Václavská;è.p.;105;;;66461;599403.15;1173904.20;2013-12-01T00:00:00
13177770;583031;Holasice;;;;;40771;Holasice;38121;Palackého;è.p.;106;;;66461;599631.18;1174069.82;2013-12-01T00:00:00
13177788;583031;Holasice;;;;;40771;Holasice;38075;Brnìnská;è.p.;107;;;66461;599892.65;1173870.66;2013-12-01T00:00:00
13177796;583031;Holasice;;;;;40771;Holasice;38075;Brnìnská;è.p.;108;;;66461;599897.29;1173883.71;2013-12-01T00:00:00
13177800;583031;Holasice;;;;;40771;Holasice;38075;Brnìnská;è.p.;109;;;66461;599901.10;1173890.71;2013-12-01T00:00:00
13177818;583031;Holasice;;;;;40771;Holasice;38075;Brnìnská;è.p.;110;;;66461;599902.42;1173900.03;2013-12-01T00:00:00
13177826;583031;Holasice;;;;;40771;Holasice;38075;Brnìnská;è.p.;111;;;66461;599903.25;1173908.11;2013-12-01T00:00:00
13177834;583031;Holasice;;;;;40771;Holasice;38075;Brnìnská;è.p.;112;;;66461;599905.57;1173914.48;2013-12-01T00:00:00
13177842;583031;Holasice;;;;;40771;Holasice;38075;Brnìnská;è.p.;113;;;66461;599906.07;1173922.72;2013-12-01T00:00:00
13177851;583031;Holasice;;;;;40771;Holasice;38075;Brnìnská;è.p.;114;;;66461;599908.06;1173933.45;2013-12-01T00:00:00
13177869;583031;Holasice;;;;;40771;Holasice;38075;Brnìnská;è.p.;115;;;66461;599911.87;1173944.08;2013-12-01T00:00:00
13177877;583031;Holasice;;;;;40771;Holasice;38075;Brnìnská;è.p.;116;;;66461;599912.70;1173952.94;2013-12-01T00:00:00
13177885;583031;Holasice;;;;;40771;Holasice;38075;Brnìnská;è.p.;117;;;66461;599913.03;1173960.24;2013-12-01T00:00:00
13177893;583031;Holasice;;;;;40771;Holasice;38148;Václavská;è.p.;118;;;66461;599464.79;1173978.76;2022-11-14T00:00:00
13177907;583031;Holasice;;;;;40771;Holasice;38075;Brnìnská;è.p.;119;;;66461;599914.85;1173966.93;2013-12-01T00:00:00
13177915;583031;Holasice;;;;;40771;Holasice;38075;Brnìnská;è.p.;120;;;66461;599915.52;1173973.45;2013-12-01T00:00:00
13177923;583031;Holasice;;;;;40771;Holasice;38148;Václavská;è.p.;121;;;66461;599551.00;1174087.43;2013-12-01T00:00:00
13177931;583031;Holasice;;;;;40771;Holasice;38083;Èsl. armády;è.p.;122;;;66461;599761.05;1174226.66;2020-01-09T00:00:00
13177940;583031;Holasice;;;;;40771;Holasice;38075;Brnìnská;è.p.;123;;;66461;599917.51;1173980.14;2013-12-01T00:00:00
13177958;583031;Holasice;;;;;40771;Holasice;38075;Brnìnská;è.p.;124;;;66461;599918.33;1173986.98;2013-12-01T00:00:00
13177966;583031;Holasice;;;;;40771;Holasice;38075;Brnìnská;è.p.;125;;;66461;599920.49;1173995.21;2013-12-01T00:00:00
13177982;583031;Holasice;;;;;40771;Holasice;38121;Palackého;è.p.;127;;;66461;599596.86;1174007.41;2013-12-01T00:00:00
13178008;583031;Holasice;;;;;40771;Holasice;38075;Brnìnská;è.p.;129;;;66461;599925.33;1174009.73;2015-12-14T00:00:00
13178016;583031;Holasice;;;;;40771;Holasice;38075;Brnìnská;è.p.;130;;;66461;599838.68;1173709.22;2013-12-01T00:00:00
13178024;583031;Holasice;;;;;40771;Holasice;38075;Brnìnská;è.p.;131;;;66461;599923.63;1174022.49;2013-12-01T00:00:00
13178032;583031;Holasice;;;;;40771;Holasice;38075;Brnìnská;è.p.;132;;;66461;599926.62;1174030.88;2013-12-01T00:00:00
13178041;583031;Holasice;;;;;40771;Holasice;38075;Brnìnská;è.p.;133;;;66461;599929.60;1174041.76;2013-12-01T00:00:00
13178059;583031;Holasice;;;;;40771;Holasice;38075;Brnìnská;è.p.;134;;;66461;599896.96;1173863.30;2020-05-11T00:00:00
13178067;583031;Holasice;;;;;40771;Holasice;38113;námìstí Rudé armády;è.p.;135;;;66461;599649.73;1173787.73;2013-12-01T00:00:00
13178075;583031;Holasice;;;;;40771;Holasice;38113;námìstí Rudé armády;è.p.;136;;;66461;599659.07;1173783.03;2013-12-01T00:00:00
13178083;583031;Holasice;;;;;40771;Holasice;38113;námìstí Rudé armády;è.p.;137;;;66461;599679.17;1173768.56;2013-12-01T00:00:00
13178091;583031;Holasice;;;;;40771;Holasice;38113;námìstí Rudé armády;è.p.;138;;;66461;599687.36;1173763.98;2013-12-01T00:00:00
13178105;583031;Holasice;;;;;40771;Holasice;38113;námìstí Rudé armády;è.p.;139;;;66461;599696.36;1173757.40;2013-12-01T00:00:00
13178113;583031;Holasice;;;;;40771;Holasice;38113;námìstí Rudé armády;è.p.;140;;;66461;599720.68;1173741.64;2013-12-01T00:00:00
13178121;583031;Holasice;;;;;40771;Holasice;38091;J. Fuèíka;è.p.;141;;;66461;599693.03;1173690.52;2013-12-01T00:00:00
13178130;583031;Holasice;;;;;40771;Holasice;38091;J. Fuèíka;è.p.;142;;;66461;599685.68;1173673.42;2013-12-01T00:00:00
13178148;583031;Holasice;;;;;40771;Holasice;38091;J. Fuèíka;è.p.;143;;;66461;599659.76;1173667.76;2013-12-01T00:00:00
13178156;583031;Holasice;;;;;40771;Holasice;38091;J. Fuèíka;è.p.;144;;;66461;599658.55;1173655.02;2013-12-01T00:00:00
13178164;583031;Holasice;;;;;40771;Holasice;38091;J. Fuèíka;è.p.;145;;;66461;599683.16;1173636.18;2013-12-01T00:00:00
13178181;583031;Holasice;;;;;40771;Holasice;38091;J. Fuèíka;è.p.;147;;;66461;599689.90;1173683.22;2013-12-01T00:00:00
13178199;583031;Holasice;;;;;40771;Holasice;38091;J. Fuèíka;è.p.;148;;;66461;599660.36;1173488.98;2020-05-11T00:00:00
13178202;583031;Holasice;;;;;40771;Holasice;38091;J. Fuèíka;è.p.;149;;;66461;599655.81;1173504.38;2013-12-01T00:00:00
13178211;583031;Holasice;;;;;40771;Holasice;38113;námìstí Rudé armády;è.p.;150;;;66461;599738.34;1173732.78;2013-12-01T00:00:00
13178237;583031;Holasice;;;;;40771;Holasice;38091;J. Fuèíka;è.p.;152;;;66461;599655.90;1173476.95;2013-12-01T00:00:00
13178245;583031;Holasice;;;;;40771;Holasice;38091;J. Fuèíka;è.p.;153;;;66461;599678.29;1173463.01;2013-12-01T00:00:00
13178253;583031;Holasice;;;;;40771;Holasice;38091;J. Fuèíka;è.p.;154;;;66461;599679.00;1173451.80;2013-12-01T00:00:00
13178261;583031;Holasice;;;;;40771;Holasice;38075;Brnìnská;è.p.;155;;;66461;599934.57;1174073.25;2013-12-01T00:00:00
13178270;583031;Holasice;;;;;40771;Holasice;38091;J. Fuèíka;è.p.;156;;;66461;599681.80;1173601.38;2013-12-01T00:00:00
13178288;583031;Holasice;;;;;40771;Holasice;38091;J. Fuèíka;è.p.;157;;;66461;599688.58;1173334.25;2013-12-01T00:00:00
13178296;583031;Holasice;;;;;40771;Holasice;38148;Václavská;è.p.;158;;;66461;599500.75;1173850.39;2022-11-23T00:00:00
13178300;583031;Holasice;;;;;40771;Holasice;38091;J. Fuèíka;è.p.;159;;;66461;599660.64;1173705.51;2013-12-01T00:00:00
13178318;583031;Holasice;;;;;40771;Holasice;38091;J. Fuèíka;è.p.;160;;;66461;599660.13;1173568.01;2013-12-01T00:00:00
13178326;583031;Holasice;;;;;40771;Holasice;38091;J. Fuèíka;è.p.;161;;;66461;599658.43;1173618.63;2013-12-01T00:00:00
13178334;583031;Holasice;;;;;40771;Holasice;38091;J. Fuèíka;è.p.;162;;;66461;599655.20;1173464.59;2013-12-01T00:00:00
13178342;583031;Holasice;;;;;40771;Holasice;38121;Palackého;è.p.;163;;;66461;599668.63;1174129.23;2013-12-01T00:00:00
13178369;583031;Holasice;;;;;40771;Holasice;38121;Palackého;è.p.;165;;;66461;599773.26;1174136.80;2013-12-01T00:00:00
13178377;583031;Holasice;;;;;40771;Holasice;38075;Brnìnská;è.p.;166;;;66461;599841.00;1173723.98;2013-12-01T00:00:00
13178385;583031;Holasice;;;;;40771;Holasice;38091;J. Fuèíka;è.p.;167;;;66461;599680.96;1173584.51;2013-12-01T00:00:00
13178393;583031;Holasice;;;;;40771;Holasice;38091;J. Fuèíka;è.p.;168;;;66461;599658.22;1173689.70;2013-12-01T00:00:00
13178407;583031;Holasice;;;;;40771;Holasice;38121;Palackého;è.p.;169;;;66461;599551.42;1173837.27;2013-12-01T00:00:00
13178415;583031;Holasice;;;;;40771;Holasice;38091;J. Fuèíka;è.p.;170;;;66461;599680.89;1173512.28;2022-11-14T00:00:00
13178423;583031;Holasice;;;;;40771;Holasice;38121;Palackého;è.p.;172;;;66461;599788.58;1174136.33;2013-12-01T00:00:00
13178431;583031;Holasice;;;;;40771;Holasice;38091;J. Fuèíka;è.p.;173;;;66461;599680.17;1173483.93;2013-12-01T00:00:00
13178440;583031;Holasice;;;;;40771;Holasice;38091;J. Fuèíka;è.p.;174;;;66461;599680.69;1173564.75;2013-12-01T00:00:00
13178458;583031;Holasice;;;;;40771;Holasice;38091;J. Fuèíka;è.p.;175;;;66461;599655.81;1173486.35;2013-12-01T00:00:00
13178466;583031;Holasice;;;;;40771;Holasice;38121;Palackého;è.p.;176;;;66461;599798.95;1174137.49;2013-12-01T00:00:00
13178474;583031;Holasice;;;;;40771;Holasice;38091;J. Fuèíka;è.p.;177;;;66461;599682.63;1173647.19;2013-12-01T00:00:00
13178482;583031;Holasice;;;;;40771;Holasice;38091;J. Fuèíka;è.p.;178;;;66461;599678.62;1173424.67;2019-01-18T00:00:00
13178491;583031;Holasice;;;;;40771;Holasice;38121;Palackého;è.p.;179;;;66461;599744.23;1174133.37;2013-12-01T00:00:00
13178504;583031;Holasice;;;;;40771;Holasice;38091;J. Fuèíka;è.p.;180;;;66461;599656.42;1173604.67;2013-12-01T00:00:00
13178512;583031;Holasice;;;;;40771;Holasice;38091;J. Fuèíka;è.p.;181;;;66461;599680.63;1173441.26;2013-12-01T00:00:00
13178521;583031;Holasice;;;;;40771;Holasice;38113;námìstí Rudé armády;è.p.;182;;;66461;599709.96;1173740.76;2020-05-25T00:00:00
13178539;583031;Holasice;;;;;40771;Holasice;38091;J. Fuèíka;è.p.;183;;;66461;599683.22;1173656.21;2013-12-01T00:00:00
13178547;583031;Holasice;;;;;40771;Holasice;38075;Brnìnská;è.p.;184;;;66461;599929.93;1174054.28;2013-12-01T00:00:00
13178555;583031;Holasice;;;;;40771;Holasice;38091;J. Fuèíka;è.p.;185;;;66461;599657.84;1173633.50;2013-12-01T00:00:00
13178563;583031;Holasice;;;;;40771;Holasice;38091;J. Fuèíka;è.p.;186;;;66461;599658.05;1173643.69;2013-12-01T00:00:00
13178571;583031;Holasice;;;;;40771;Holasice;38121;Palackého;è.p.;187;;;66461;599568.91;1173870.12;2013-12-01T00:00:00
13178580;583031;Holasice;;;;;40771;Holasice;38075;Brnìnská;è.p.;188;;;66461;599895.96;1173876.56;2013-12-01T00:00:00
13178598;583031;Holasice;;;;;40771;Holasice;38091;J. Fuèíka;è.p.;189;;;66461;599683.02;1173663.55;2013-12-01T00:00:00
13178601;583031;Holasice;;;;;40771;Holasice;38091;J. Fuèíka;è.p.;190;;;66461;599679.13;1173475.16;2013-12-01T00:00:00
13178610;583031;Holasice;;;;;40771;Holasice;38113;námìstí Rudé armády;è.p.;191;;;66461;599639.71;1173806.64;2013-12-01T00:00:00
13178628;583031;Holasice;;;;;40771;Holasice;38113;námìstí Rudé armády;è.p.;192;;;66461;599668.77;1173775.03;2013-12-01T00:00:00
13178636;583031;Holasice;;;;;40771;Holasice;38091;J. Fuèíka;è.p.;193;;;66461;599655.61;1173521.93;2013-12-01T00:00:00
13178644;583031;Holasice;;;;;40771;Holasice;38121;Palackého;è.p.;194;;;66461;599748.35;1174138.08;2022-11-14T00:00:00
13178652;583031;Holasice;;;;;40771;Holasice;38121;Palackého;è.p.;195;;;66461;599921.15;1174097.80;2013-12-01T00:00:00
13178661;583031;Holasice;;;;;40771;Holasice;38091;J. Fuèíka;è.p.;196;;;66461;599680.55;1173500.65;2013-12-01T00:00:00
13178679;583031;Holasice;;;;;40771;Holasice;38121;Palackého;è.p.;197;;;66461;599781.41;1174137.49;2013-12-01T00:00:00
13178687;583031;Holasice;;;;;40771;Holasice;38121;Palackého;è.p.;198;;;66461;599820.19;1174137.56;2013-12-01T00:00:00
13178695;583031;Holasice;;;;;40771;Holasice;38083;Èsl. armády;è.p.;199;;;66461;599838.84;1174331.63;2013-12-01T00:00:00
13178709;583031;Holasice;;;;;40771;Holasice;38121;Palackého;è.p.;200;;;66461;599810.16;1174133.18;2021-10-08T00:00:00
13178717;583031;Holasice;;;;;40771;Holasice;38121;Palackého;è.p.;201;;;66461;599909.05;1174097.18;2013-12-01T00:00:00
13178725;583031;Holasice;;;;;40771;Holasice;38113;námìstí Rudé armády;è.p.;202;;;66461;599596.69;1173776.37;2013-12-01T00:00:00
13178733;583031;Holasice;;;;;40771;Holasice;38121;Palackého;è.p.;203;;;66461;599900.00;1174103.06;2020-05-11T00:00:00
13178741;583031;Holasice;;;;;40771;Holasice;38091;J. Fuèíka;è.p.;204;;;66461;599702.57;1173700.06;2013-12-01T00:00:00
13178750;583031;Holasice;;;;;40771;Holasice;38113;námìstí Rudé armády;è.p.;205;;;66461;599701.39;1173754.01;2013-12-01T00:00:00
13178768;583031;Holasice;;;;;40771;Holasice;38113;námìstí Rudé armády;è.p.;206;;;66461;599707.82;1173749.73;2013-12-01T00:00:00
13178776;583031;Holasice;;;;;40771;Holasice;38083;Èsl. armády;è.p.;207;;;66461;599736.68;1174187.55;2013-12-01T00:00:00
13178784;583031;Holasice;;;;;40771;Holasice;38121;Palackého;è.p.;208;;;66461;599633.89;1173968.39;2013-12-01T00:00:00
13178792;583031;Holasice;;;;;40771;Holasice;38121;Palackého;è.p.;209;;;66461;599632.78;1173961.44;2013-12-01T00:00:00
13178806;583031;Holasice;;;;;40771;Holasice;38121;Palackého;è.p.;210;;;66461;599629.94;1173953.91;2013-12-01T00:00:00
13178814;583031;Holasice;;;;;40771;Holasice;38083;Èsl. armády;è.p.;211;;;66461;599748.29;1174232.51;2013-12-01T00:00:00
13178822;583031;Holasice;;;;;40771;Holasice;38083;Èsl. armády;è.p.;212;;;66461;599739.59;1174234.95;2013-12-01T00:00:00
13178831;583031;Holasice;;;;;40771;Holasice;38083;Èsl. armády;è.p.;213;;;66461;599710.02;1174241.81;2013-12-01T00:00:00
13178849;583031;Holasice;;;;;40771;Holasice;38083;Èsl. armády;è.p.;214;;;66461;599755.88;1174202.38;2013-12-01T00:00:00
13178857;583031;Holasice;;;;;40771;Holasice;38083;Èsl. armády;è.p.;215;;;66461;599797.40;1174222.34;2013-12-01T00:00:00
13178865;583031;Holasice;;;;;40771;Holasice;38091;J. Fuèíka;è.p.;216;;;66461;599658.72;1173678.84;2013-12-01T00:00:00
13178873;583031;Holasice;;;;;40771;Holasice;38083;Èsl. armády;è.p.;217;;;66461;599702.84;1174214.45;2013-12-01T00:00:00
13178881;583031;Holasice;;;;;40771;Holasice;38083;Èsl. armády;è.p.;218;;;66461;599728.16;1174209.26;2013-12-01T00:00:00
13178890;583031;Holasice;;;;;40771;Holasice;38083;Èsl. armády;è.p.;219;;;66461;599699.56;1174283.71;2013-12-01T00:00:00
13178903;583031;Holasice;;;;;40771;Holasice;38083;Èsl. armády;è.p.;220;;;66461;599772.48;1174198.99;2013-12-01T00:00:00
13178911;583031;Holasice;;;;;40771;Holasice;38083;Èsl. armády;è.p.;221;;;66461;599806.09;1174254.12;2013-12-01T00:00:00
13178920;583031;Holasice;;;;;40771;Holasice;38083;Èsl. armády;è.p.;222;;;66461;599805.86;1174239.72;2020-09-23T00:00:00
13178938;583031;Holasice;;;;;40771;Holasice;38091;J. Fuèíka;è.p.;223;;;66461;599683.15;1173623.05;2013-12-01T00:00:00
13178946;583031;Holasice;;;;;40771;Holasice;38083;Èsl. armády;è.p.;224;;;66461;599776.64;1174225.97;2013-12-01T00:00:00
13178954;583031;Holasice;;;;;40771;Holasice;38121;Palackého;è.p.;225;;;66461;599627.22;1173943.49;2013-12-01T00:00:00
13178971;583031;Holasice;;;;;40771;Holasice;38083;Èsl. armády;è.p.;227;;;66461;599812.19;1174273.39;2013-12-01T00:00:00
13178989;583031;Holasice;;;;;40771;Holasice;38148;Václavská;è.p.;228;;;66461;599296.07;1174058.14;2013-12-01T00:00:00
13178997;583031;Holasice;;;;;40771;Holasice;38075;Brnìnská;è.p.;229;;;66461;599929.40;1174136.27;2013-12-01T00:00:00
13179004;583031;Holasice;;;;;40771;Holasice;38083;Èsl. armády;è.p.;230;;;66461;599719.12;1174211.06;2013-12-01T00:00:00
13179012;583031;Holasice;;;;;40771;Holasice;38113;námìstí Rudé armády;è.p.;231;;;66461;599650.98;1173727.88;2013-12-01T00:00:00
13179021;583031;Holasice;;;;;40771;Holasice;38083;Èsl. armády;è.p.;232;;;66461;599817.44;1174302.41;2013-12-01T00:00:00
13179039;583031;Holasice;;;;;40771;Holasice;38091;J. Fuèíka;è.p.;233;;;66461;599681.52;1173609.58;2013-12-01T00:00:00
13179047;583031;Holasice;;;;;40771;Holasice;38113;námìstí Rudé armády;è.p.;234;;;66461;599616.42;1173746.64;2013-12-01T00:00:00
13179055;583031;Holasice;;;;;40771;Holasice;38113;námìstí Rudé armády;è.p.;235;;;66461;599625.58;1173740.88;2013-12-01T00:00:00
13179063;583031;Holasice;;;;;40771;Holasice;38121;Palackého;è.p.;236;;;66461;599582.62;1173930.40;2013-12-01T00:00:00
13179071;583031;Holasice;;;;;40771;Holasice;38083;Èsl. armády;è.p.;237;;;66461;599661.21;1174231.47;2013-12-01T00:00:00
13179080;583031;Holasice;;;;;40771;Holasice;38083;Èsl. armády;è.p.;238;;;66461;599823.02;1174313.03;2013-12-01T00:00:00
13179098;583031;Holasice;;;;;40771;Holasice;38083;Èsl. armády;è.p.;239;;;66461;599800.69;1174315.01;2013-12-01T00:00:00
13179101;583031;Holasice;;;;;40771;Holasice;38083;Èsl. armády;è.p.;240;;;66461;599829.45;1174342.67;2013-12-01T00:00:00
13179110;583031;Holasice;;;;;40771;Holasice;38083;Èsl. armády;è.p.;241;;;66461;599735.24;1174326.20;2020-12-10T00:00:00
13179128;583031;Holasice;;;;;40771;Holasice;38083;Èsl. armády;è.p.;242;;;66461;599793.60;1174286.98;2013-12-01T00:00:00
13179136;583031;Holasice;;;;;40771;Holasice;38083;Èsl. armády;è.p.;243;;;66461;599837.41;1174370.45;2013-12-01T00:00:00
13179144;583031;Holasice;;;;;40771;Holasice;38148;Václavská;è.p.;244;;;66461;599524.52;1173817.80;2013-12-01T00:00:00
13179152;583031;Holasice;;;;;40771;Holasice;38083;Èsl. armády;è.p.;245;;;66461;599802.47;1174326.94;2013-12-01T00:00:00
13179161;583031;Holasice;;;;;40771;Holasice;38083;Èsl. armády;è.p.;246;;;66461;599795.72;1174296.90;2013-12-01T00:00:00
13179179;583031;Holasice;;;;;40771;Holasice;38121;Palackého;è.p.;247;;;66461;599604.90;1174051.43;2013-12-01T00:00:00
13179187;583031;Holasice;;;;;40771;Holasice;38121;Palackého;è.p.;248;;;66461;599753.15;1174100.63;2013-12-01T00:00:00
13179195;583031;Holasice;;;;;40771;Holasice;38121;Palackého;è.p.;249;;;66461;599779.99;1174102.07;2013-12-01T00:00:00
13179209;583031;Holasice;;;;;40771;Holasice;38083;Èsl. armády;è.p.;250;;;66461;599809.77;1174362.56;2013-12-01T00:00:00
13179217;583031;Holasice;;;;;40771;Holasice;38083;Èsl. armády;è.p.;251;;;66461;599834.52;1174359.80;2013-12-01T00:00:00
13179225;583031;Holasice;;;;;40771;Holasice;38121;Palackého;è.p.;252;;;66461;599761.94;1174101.80;2013-12-01T00:00:00
13179233;583031;Holasice;;;;;40771;Holasice;38121;Palackého;è.p.;253;;;66461;599771.49;1174102.25;2013-12-01T00:00:00
13179241;583031;Holasice;;;;;40771;Holasice;38121;Palackého;è.p.;254;;;66461;599789.07;1174103.50;2013-12-01T00:00:00
13179250;583031;Holasice;;;;;40771;Holasice;38121;Palackého;è.p.;255;;;66461;599569.98;1173902.71;2013-12-01T00:00:00
13179268;583031;Holasice;;;;;40771;Holasice;38083;Èsl. armády;è.p.;256;;;66461;599753.42;1174356.28;2013-12-01T00:00:00
13179276;583031;Holasice;;;;;40771;Holasice;38083;Èsl. armády;è.p.;257;;;66461;599756.90;1174379.77;2013-12-01T00:00:00
13179284;583031;Holasice;;;;;40771;Holasice;38083;Èsl. armády;è.p.;258;;;66461;599723.44;1174314.17;2013-12-01T00:00:00
13179292;583031;Holasice;;;;;40771;Holasice;38083;Èsl. armády;è.p.;259;;;66461;599825.24;1174436.87;2018-10-16T00:00:00
13179306;583031;Holasice;;;;;40771;Holasice;38083;Èsl. armády;è.p.;260;;;66461;599807.55;1174352.47;2013-12-01T00:00:00
13179314;583031;Holasice;;;;;40771;Holasice;38083;Èsl. armády;è.p.;261;;;66461;599848.07;1174431.97;2022-11-14T00:00:00
13179322;583031;Holasice;;;;;40771;Holasice;38105;Na Zahrádkách;è.p.;262;;;66461;599641.12;1173892.80;2013-12-01T00:00:00
13179331;583031;Holasice;;;;;40771;Holasice;38105;Na Zahrádkách;è.p.;263;;;66461;599648.19;1173907.13;2013-12-01T00:00:00
13179349;583031;Holasice;;;;;40771;Holasice;38083;Èsl. armády;è.p.;264;;;66461;599821.74;1174404.13;2013-12-01T00:00:00
13179357;583031;Holasice;;;;;40771;Holasice;38083;Èsl. armády;è.p.;265;;;66461;599742.92;1174343.57;2013-12-01T00:00:00
13179365;583031;Holasice;;;;;40771;Holasice;38083;Èsl. armády;è.p.;266;;;66461;599818.46;1174393.71;2013-12-01T00:00:00
13179373;583031;Holasice;;;;;40771;Holasice;38083;Èsl. armády;è.p.;267;;;66461;599708.56;1174291.38;2013-12-01T00:00:00
13179381;583031;Holasice;;;;;40771;Holasice;38091;J. Fuèíka;è.p.;268;;;66461;599686.93;1173420.28;2013-12-01T00:00:00
13179390;583031;Holasice;;;;;40771;Holasice;38091;J. Fuèíka;è.p.;269;;;66461;599684.13;1173531.45;2013-12-01T00:00:00
13179403;583031;Holasice;;;;;40771;Holasice;38083;Èsl. armády;è.p.;270;;;66461;599838.43;1174393.52;2013-12-01T00:00:00
13179411;583031;Holasice;;;;;40771;Holasice;38083;Èsl. armády;è.p.;271;;;66461;599658.25;1174178.76;2013-12-01T00:00:00
13179420;583031;Holasice;;;;;40771;Holasice;38105;Na Zahrádkách;è.p.;272;;;66461;599682.61;1173908.68;2013-12-01T00:00:00
13179438;583031;Holasice;;;;;40771;Holasice;38105;Na Zahrádkách;è.p.;273;;;66461;599688.65;1173906.67;2013-12-01T00:00:00
13179446;583031;Holasice;;;;;40771;Holasice;38105;Na Zahrádkách;è.p.;274;;;66461;599699.57;1173903.99;2013-12-01T00:00:00
13179454;583031;Holasice;;;;;40771;Holasice;38105;Na Zahrádkách;è.p.;275;;;66461;599708.53;1173902.21;2013-12-01T00:00:00
13179462;583031;Holasice;;;;;40771;Holasice;38105;Na Zahrádkách;è.p.;276;;;66461;599717.79;1173900.24;2013-12-01T00:00:00
13179471;583031;Holasice;;;;;40771;Holasice;38105;Na Zahrádkách;è.p.;277;;;66461;599749.90;1173921.21;2013-12-01T00:00:00
13179489;583031;Holasice;;;;;40771;Holasice;38105;Na Zahrádkách;è.p.;278;;;66461;599748.05;1173912.64;2013-12-01T00:00:00
13179497;583031;Holasice;;;;;40771;Holasice;38105;Na Zahrádkách;è.p.;279;;;66461;599746.45;1173903.83;2013-12-01T00:00:00
13179501;583031;Holasice;;;;;40771;Holasice;38105;Na Zahrádkách;è.p.;280;;;66461;599743.61;1173896.42;2013-12-01T00:00:00
13179519;583031;Holasice;;;;;40771;Holasice;38105;Na Zahrádkách;è.p.;281;;;66461;599741.14;1173888.31;2013-12-01T00:00:00
13179527;583031;Holasice;;;;;40771;Holasice;38105;Na Zahrádkách;è.p.;282;;;66461;599739.41;1173879.51;2013-12-01T00:00:00
13179535;583031;Holasice;;;;;40771;Holasice;38105;Na Zahrádkách;è.p.;283;;;66461;599736.94;1173872.10;2013-12-01T00:00:00
13179543;583031;Holasice;;;;;40771;Holasice;38105;Na Zahrádkách;è.p.;284;;;66461;599734.34;1173863.30;2013-12-01T00:00:00
13179551;583031;Holasice;;;;;40771;Holasice;38105;Na Zahrádkách;è.p.;285;;;66461;599732.61;1173854.38;2013-12-01T00:00:00
13179560;583031;Holasice;;;;;40771;Holasice;38083;Èsl. armády;è.p.;286;;;66461;599845.34;1174422.11;2022-11-14T00:00:00
13179578;583031;Holasice;;;;;40771;Holasice;38083;Èsl. armády;è.p.;287;;;66461;599851.63;1174451.84;2022-11-14T00:00:00
13179586;583031;Holasice;;;;;40771;Holasice;38148;Václavská;è.p.;288;;;66461;599550.14;1173801.81;2013-12-01T00:00:00
13179594;583031;Holasice;;;;;40771;Holasice;38075;Brnìnská;è.p.;289;;;66461;599977.55;1174244.41;2019-03-02T00:00:00
13179608;583031;Holasice;;;;;40771;Holasice;38148;Václavská;è.ev.;1;;;66461;599573.13;1173808.20;2019-03-06T00:00:00
13179616;583031;Holasice;;;;;40771;Holasice;;;è.ev.;2;;;66461;599571.27;1173813.28;2013-12-01T00:00:00
13179624;583031;Holasice;;;;;40771;Holasice;;;è.ev.;3;;;66461;599568.40;1173814.89;2013-12-01T00:00:00
13179632;583031;Holasice;;;;;40771;Holasice;38148;Václavská;è.ev.;4;;;66461;599563.09;1173813.73;2019-03-06T00:00:00
13179641;583031;Holasice;;;;;40771;Holasice;;;è.ev.;5;;;66461;599709.45;1174103.72;2013-12-01T00:00:00
13179659;583031;Holasice;;;;;40771;Holasice;;;è.ev.;6;;;66461;599712.55;1174103.95;2013-12-01T00:00:00
13179667;583031;Holasice;;;;;40771;Holasice;;;è.ev.;7;;;66461;599715.87;1174103.95;2013-12-01T00:00:00
13179675;583031;Holasice;;;;;40771;Holasice;38121;Palackého;è.ev.;8;;;66461;599717.93;1174103.25;2019-02-28T00:00:00
13179683;583031;Holasice;;;;;40771;Holasice;;;è.ev.;9;;;66461;599724.17;1174103.75;2019-03-02T00:00:00
13179691;583031;Holasice;;;;;40771;Holasice;;;è.ev.;10;;;66461;599721.02;1174108.39;2022-11-14T00:00:00
13179705;583031;Holasice;;;;;40771;Holasice;;;è.ev.;11;;;66461;599727.43;1174108.78;2022-11-14T00:00:00
13179713;583031;Holasice;;;;;40771;Holasice;;;è.ev.;12;;;66461;599730.22;1174108.91;2022-11-14T00:00:00
13179721;583031;Holasice;;;;;40771;Holasice;;;è.ev.;13;;;66461;599733.16;1174108.96;2022-11-14T00:00:00
13179730;583031;Holasice;;;;;40771;Holasice;;;è.ev.;14;;;66461;599709.33;1174087.62;2013-12-01T00:00:00
13179748;583031;Holasice;;;;;40771;Holasice;;;è.ev.;15;;;66461;599712.79;1174084.38;2013-12-01T00:00:00
13179756;583031;Holasice;;;;;40771;Holasice;;;è.ev.;16;;;66461;599716.12;1174084.61;2013-12-01T00:00:00
13179764;583031;Holasice;;;;;40771;Holasice;;;è.ev.;17;;;66461;599718.74;1174089.49;2023-07-20T00:00:00
13179772;583031;Holasice;;;;;40771;Holasice;;;è.ev.;18;;;66461;599722.91;1174084.95;2013-12-01T00:00:00
13179781;583031;Holasice;;;;;40771;Holasice;;;è.ev.;19;;;66461;599725.76;1174085.08;2013-12-01T00:00:00
13179799;583031;Holasice;;;;;40771;Holasice;;;è.ev.;20;;;66461;599728.59;1174085.76;2013-12-01T00:00:00
13179802;583031;Holasice;;;;;40771;Holasice;;;è.ev.;21;;;66461;599716.36;1174082.29;2013-12-01T00:00:00
13179811;583031;Holasice;;;;;40771;Holasice;38121;Palackého;è.ev.;22;;;66461;599712.25;1174077.96;2016-02-24T00:00:00
13179829;583031;Holasice;;;;;40771;Holasice;;;è.ev.;23;;;66461;599715.88;1174076.27;2013-12-01T00:00:00
13179837;583031;Holasice;;;;;40771;Holasice;;;è.ev.;24;;;66461;599716.25;1174073.37;2013-12-01T00:00:00
13179845;583031;Holasice;;;;;40771;Holasice;;;è.ev.;25;;;66461;599716.49;1174070.25;2013-12-01T00:00:00
13179853;583031;Holasice;;;;;40771;Holasice;;;è.ev.;26;;;66461;599716.25;1174067.12;2013-12-01T00:00:00
13179861;583031;Holasice;;;;;40771;Holasice;;;è.ev.;27;;;66461;599716.62;1174063.99;2013-12-01T00:00:00
13179870;583031;Holasice;;;;;40771;Holasice;;;è.ev.;28;;;66461;599716.62;1174060.52;2013-12-01T00:00:00
13179888;583031;Holasice;;;;;40771;Holasice;;;è.ev.;29;;;66461;599699.23;1174062.87;2013-12-01T00:00:00
13179900;583031;Holasice;;;;;40771;Holasice;;;è.ev.;31;;;66461;599662.84;1173425.21;2019-03-06T00:00:00
13179926;583031;Holasice;;;;;40771;Holasice;38091;J. Fuèíka;è.ev.;33;;;66461;599660.28;1173445.32;2019-03-15T00:00:00
13179934;583031;Holasice;;;;;40771;Holasice;38083;Èsl. armády;è.ev.;34;;;66461;599822.57;1174277.37;2019-03-06T00:00:00
13179951;583031;Holasice;;;;;40771;Holasice;38121;Palackého;è.ev.;36;;;66461;599660.67;1174145.85;2013-12-01T00:00:00
13179969;583031;Holasice;;;;;40771;Holasice;38075;Brnìnská;è.ev.;37;;;66461;599735.39;1174085.77;2013-12-01T00:00:00
25250132;583031;Holasice;;;;;40771;Holasice;38121;Palackého;è.p.;290;;;66461;599619.22;1173807.89;2013-12-01T00:00:00
25379216;583031;Holasice;;;;;40771;Holasice;38121;Palackého;è.p.;50;;;66461;599632.04;1174055.81;2013-12-01T00:00:00
25660471;583031;Holasice;;;;;40771;Holasice;38121;Palackého;è.p.;293;;;66461;599602.47;1173821.44;2013-12-01T00:00:00
25691961;583031;Holasice;;;;;40771;Holasice;38121;Palackého;è.p.;295;;;66461;599591.57;1173831.56;2013-12-01T00:00:00
26068753;583031;Holasice;;;;;40771;Holasice;38121;Palackého;è.p.;171;;;66461;599695.67;1174130.30;2013-12-01T00:00:00
26132583;583031;Holasice;;;;;40771;Holasice;38105;Na Zahrádkách;è.p.;296;;;66461;599664.00;1173883.42;2013-12-01T00:00:00
26161222;583031;Holasice;;;;;40771;Holasice;38083;Èsl. armády;è.p.;306;;;66461;599626.30;1174195.55;2013-12-01T00:00:00
26275775;583031;Holasice;;;;;40771;Holasice;38148;Václavská;è.p.;33;;;66461;599468.13;1173906.63;2013-12-01T00:00:00
26383641;583031;Holasice;;;;;40771;Holasice;;;è.ev.;44;;;66461;599578.91;1174129.21;2022-11-14T00:00:00
26383659;583031;Holasice;;;;;40771;Holasice;;;è.ev.;45;;;66461;599577.70;1174132.40;2022-11-14T00:00:00
26383667;583031;Holasice;;;;;40771;Holasice;38148;Václavská;è.ev.;46;;;66461;599578.35;1174136.91;2019-02-28T00:00:00
26383675;583031;Holasice;;;;;40771;Holasice;;;è.ev.;47;;;66461;599576.83;1174142.22;2013-12-01T00:00:00
26383683;583031;Holasice;;;;;40771;Holasice;;;è.ev.;48;;;66461;599574.36;1174141.82;2022-11-14T00:00:00
26383691;583031;Holasice;;;;;40771;Holasice;;;è.ev.;49;;;66461;599574.60;1174147.06;2013-12-01T00:00:00
26383705;583031;Holasice;;;;;40771;Holasice;;;è.ev.;50;;;66461;599574.24;1174151.36;2022-11-14T00:00:00
26383713;583031;Holasice;;;;;40771;Holasice;;;è.ev.;51;;;66461;599578.28;1174155.65;2013-12-01T00:00:00
26383721;583031;Holasice;;;;;40771;Holasice;;;è.ev.;52;;;66461;599580.59;1174158.03;2013-12-01T00:00:00
26383730;583031;Holasice;;;;;40771;Holasice;;;è.p.;305;;;66461;599726.45;1174409.03;2013-12-01T00:00:00
26383748;583031;Holasice;;;;;40771;Holasice;38148;Václavská;è.p.;307;;;66461;599486.56;1174147.95;2013-12-01T00:00:00
26383756;583031;Holasice;;;;;40771;Holasice;38091;J. Fuèíka;è.p.;308;;;66461;599690.00;1173411.00;2013-12-01T00:00:00
26383764;583031;Holasice;;;;;40771;Holasice;;;è.p.;311;;;66461;600284.09;1173697.11;2019-03-02T00:00:00
26383772;583031;Holasice;;;;;40771;Holasice;;;è.p.;312;;;66461;600133.88;1173671.07;2013-12-01T00:00:00
26513943;583031;Holasice;;;;;40771;Holasice;38113;námìstí Rudé armády;è.ev.;53;;;66461;599624.62;1173712.61;2013-12-01T00:00:00
26540657;583031;Holasice;;;;;40771;Holasice;38075;Brnìnská;è.p.;310;;;66461;599901.23;1174157.56;2013-12-01T00:00:00
26656400;583031;Holasice;;;;;40771;Holasice;38105;Na Zahrádkách;è.p.;303;;;66461;599707.93;1173869.42;2013-12-01T00:00:00
26755742;583031;Holasice;;;;;40771;Holasice;38121;Palackého;è.p.;294;;;66461;599596.96;1173826.07;2013-12-01T00:00:00
26755751;583031;Holasice;;;;;40771;Holasice;38083;Èsl. armády;è.p.;297;;;66461;599844.97;1174401.73;2013-12-01T00:00:00
26944774;583031;Holasice;;;;;40771;Holasice;38148;Václavská;è.p.;300;;;66461;599554.66;1174110.25;2013-12-01T00:00:00
27085279;583031;Holasice;;;;;40771;Holasice;38121;Palackého;è.p.;298;;;66461;599593.57;1173996.10;2013-12-01T00:00:00
27270661;583031;Holasice;;;;;40771;Holasice;;;è.p.;313;;;66461;600178.12;1173587.73;2013-12-01T00:00:00
27316271;583031;Holasice;;;;;40771;Holasice;;;è.p.;314;;;66461;600107.89;1173618.12;2020-01-09T00:00:00
27477703;583031;Holasice;;;;;40771;Holasice;;;è.p.;315;;;66461;600301.88;1173611.40;2013-12-01T00:00:00
27477711;583031;Holasice;;;;;40771;Holasice;;;è.p.;316;;;66461;600342.89;1173736.01;2013-12-01T00:00:00
27832473;583031;Holasice;;;;;40771;Holasice;38121;Palackého;è.p.;126;;;66461;599555.61;1173969.11;2022-11-14T00:00:00
28023781;583031;Holasice;;;;;40771;Holasice;38105;Na Zahrádkách;è.p.;301;;;66461;599674.12;1173879.71;2013-12-01T00:00:00
28356683;583031;Holasice;;;;;40771;Holasice;;;è.p.;317;;;66461;600516.39;1174593.12;2016-05-30T00:00:00
30746540;583031;Holasice;;;;;40771;Holasice;38121;Palackého;è.p.;291;;;66461;599613.14;1173812.08;2013-12-01T00:00:00
30746558;583031;Holasice;;;;;40771;Holasice;38121;Palackého;è.p.;292;;;66461;599607.40;1173817.14;2013-12-01T00:00:00
30746566;583031;Holasice;;;;;40771;Holasice;38075;Brnìnská;è.ev.;35;;;66461;599820.84;1173614.26;2013-12-01T00:00:00
30746574;583031;Holasice;;;;;40771;Holasice;38121;Palackého;è.ev.;41;;;66461;599731.68;1174085.42;2013-12-01T00:00:00
30746582;583031;Holasice;;;;;40771;Holasice;;;è.ev.;42;;;66461;599855.67;1174407.61;2022-11-14T00:00:00
40694283;583031;Holasice;;;;;40771;Holasice;824623;Rozhraní;è.p.;427;;;66461;599877.86;1173629.82;2013-12-01T00:00:00
40694534;583031;Holasice;;;;;40771;Holasice;824623;Rozhraní;è.p.;406;;;66461;599828.98;1173471.60;2013-12-01T00:00:00
40694577;583031;Holasice;;;;;40771;Holasice;824623;Rozhraní;è.p.;407;;;66461;599831.08;1173478.46;2013-12-01T00:00:00
40694615;583031;Holasice;;;;;40771;Holasice;824623;Rozhraní;è.p.;410;;;66461;599837.22;1173498.65;2013-12-01T00:00:00
40694640;583031;Holasice;;;;;40771;Holasice;824623;Rozhraní;è.p.;411;;;66461;599840.94;1173510.22;2013-12-01T00:00:00
40694674;583031;Holasice;;;;;40771;Holasice;824623;Rozhraní;è.p.;413;;;66461;599845.31;1173524.59;2013-12-01T00:00:00
40694704;583031;Holasice;;;;;40771;Holasice;824623;Rozhraní;è.p.;415;;;66461;599849.58;1173538.59;2013-12-01T00:00:00
40694895;583031;Holasice;;;;;40771;Holasice;824623;Rozhraní;è.p.;412;;;66461;599843.08;1173517.95;2013-12-01T00:00:00
40694933;583031;Holasice;;;;;40771;Holasice;824623;Rozhraní;è.p.;414;;;66461;599847.25;1173530.94;2013-12-01T00:00:00
40695034;583031;Holasice;;;;;40771;Holasice;824623;Rozhraní;è.p.;416;;;66461;599852.99;1173549.77;2013-12-01T00:00:00
40695131;583031;Holasice;;;;;40771;Holasice;824623;Rozhraní;è.p.;417;;;66461;599855.17;1173557.04;2013-12-01T00:00:00
40695204;583031;Holasice;;;;;40771;Holasice;824623;Rozhraní;è.p.;379;;;66461;599912.50;1173560.91;2013-12-01T00:00:00
40695271;583031;Holasice;;;;;40771;Holasice;824623;Rozhraní;è.p.;354;;;66461;599980.22;1173546.29;2013-12-01T00:00:00
40695310;583031;Holasice;;;;;40771;Holasice;824623;Rozhraní;è.p.;356;;;66461;599964.92;1173503.18;2013-12-01T00:00:00
40695361;583031;Holasice;;;;;40771;Holasice;824623;Rozhraní;è.p.;428;;;66461;599879.82;1173636.09;2013-12-01T00:00:00
40695514;583031;Holasice;;;;;40771;Holasice;824623;Rozhraní;è.p.;380;;;66461;599884.90;1173565.75;2013-12-01T00:00:00
40696227;583031;Holasice;;;;;40771;Holasice;824623;Rozhraní;è.p.;355;;;66461;599969.25;1173522.43;2013-12-01T00:00:00
40698025;583031;Holasice;;;;;40771;Holasice;38121;Palackého;è.p.;309;;;66461;599571.61;1173860.01;2013-12-01T00:00:00
40698246;583031;Holasice;;;;;40771;Holasice;38121;Palackého;è.p.;320;;;66461;599618.60;1173841.64;2013-12-01T00:00:00
40698297;583031;Holasice;;;;;40771;Holasice;38083;Èsl. armády;è.p.;299;;;66461;599793.65;1174431.27;2014-07-16T00:00:00
40699005;583031;Holasice;;;;;40771;Holasice;824623;Rozhraní;è.p.;381;;;66461;599945.21;1173506.80;2013-12-01T00:00:00
40699111;583031;Holasice;;;;;40771;Holasice;824623;Rozhraní;è.p.;420;;;66461;599861.29;1173577.05;2013-12-01T00:00:00
40699226;583031;Holasice;;;;;40771;Holasice;824623;Rozhraní;è.p.;423;;;66461;599869.38;1173602.60;2013-12-01T00:00:00
40699242;583031;Holasice;;;;;40771;Holasice;824623;Rozhraní;è.p.;387;;;66461;599867.68;1173536.67;2013-12-01T00:00:00
40699650;583031;Holasice;;;;;40771;Holasice;824623;Rozhraní;è.p.;375;;;66461;599921.95;1173603.40;2013-12-01T00:00:00
40699773;583031;Holasice;;;;;40771;Holasice;824623;Rozhraní;è.p.;390;;;66461;599871.65;1173507.18;2013-12-01T00:00:00
40699790;583031;Holasice;;;;;40771;Holasice;824623;Rozhraní;è.p.;378;;;66461;599933.38;1173551.27;2013-12-01T00:00:00
40699838;583031;Holasice;;;;;40771;Holasice;824623;Rozhraní;è.p.;368;;;66461;599935.08;1173615.59;2013-12-01T00:00:00
40700020;583031;Holasice;;;;;40771;Holasice;824623;Rozhraní;è.p.;421;;;66461;599863.24;1173583.43;2013-12-01T00:00:00
40700071;583031;Holasice;;;;;40771;Holasice;824623;Rozhraní;è.p.;358;;;66461;599951.50;1173482.47;2013-12-01T00:00:00
40700119;583031;Holasice;;;;;40771;Holasice;824623;Rozhraní;è.p.;418;;;66461;599857.09;1173563.60;2013-12-01T00:00:00
40700178;583031;Holasice;;;;;40771;Holasice;824623;Rozhraní;è.p.;419;;;66461;599859.23;1173570.22;2013-12-01T00:00:00
40700232;583031;Holasice;;;;;40771;Holasice;824623;Rozhraní;è.p.;424;;;66461;599871.32;1173609.29;2013-12-01T00:00:00
40700283;583031;Holasice;;;;;40771;Holasice;824623;Rozhraní;è.p.;422;;;66461;599867.23;1173595.80;2013-12-01T00:00:00
40700496;583031;Holasice;;;;;40771;Holasice;824623;Rozhraní;è.p.;426;;;66461;599875.59;1173622.73;2013-12-01T00:00:00
40700666;583031;Holasice;;;;;40771;Holasice;824623;Rozhraní;è.p.;425;;;66461;599873.40;1173615.91;2013-12-01T00:00:00
40704076;583031;Holasice;;;;;40771;Holasice;38121;Palackého;è.p.;321;;;66461;599629.43;1173861.30;2013-12-01T00:00:00
40704211;583031;Holasice;;;;;40771;Holasice;824623;Rozhraní;è.p.;400;;;66461;599871.42;1173412.82;2013-12-01T00:00:00
40704408;583031;Holasice;;;;;40771;Holasice;824623;Rozhraní;è.p.;353;;;66461;599998.53;1173570.21;2013-12-01T00:00:00
40704505;583031;Holasice;;;;;40771;Holasice;824623;Rozhraní;è.p.;352;;;66461;599994.80;1173581.16;2013-12-01T00:00:00
40704670;583031;Holasice;;;;;40771;Holasice;824623;Rozhraní;è.p.;395;;;66461;599858.52;1173488.43;2013-12-01T00:00:00
40804283;583031;Holasice;;;;;40771;Holasice;824623;Rozhraní;è.p.;386;;;66461;599887.92;1173544.84;2014-07-16T00:00:00
40877221;583031;Holasice;;;;;40771;Holasice;824623;Rozhraní;è.p.;397;;;66461;599851.34;1173443.19;2013-12-01T00:00:00
40877523;583031;Holasice;;;;;40771;Holasice;824623;Rozhraní;è.p.;408;;;66461;599832.88;1173484.82;2013-12-01T00:00:00
41056167;583031;Holasice;;;;;40771;Holasice;824623;Rozhraní;è.p.;398;;;66461;599897.35;1173401.44;2013-12-01T00:00:00
41056299;583031;Holasice;;;;;40771;Holasice;824623;Rozhraní;è.p.;363;;;66461;599909.73;1173381.19;2013-12-01T00:00:00
41056761;583031;Holasice;;;;;40771;Holasice;824623;Rozhraní;è.p.;364;;;66461;599985.20;1173607.11;2017-05-11T00:00:00
41095391;583031;Holasice;;;;;40771;Holasice;824623;Rozhraní;è.p.;405;;;66461;599825.07;1173460.76;2013-12-01T00:00:00
41172477;583031;Holasice;;;;;40771;Holasice;38148;Václavská;è.p.;322;;;66461;599367.01;1173954.40;2013-12-01T00:00:00
41221842;583031;Holasice;;;;;40771;Holasice;824623;Rozhraní;è.p.;372;;;66461;599965.03;1173589.07;2013-12-01T00:00:00
41248899;583031;Holasice;;;;;40771;Holasice;824623;Rozhraní;è.p.;360;;;66461;599937.24;1173444.55;2013-12-01T00:00:00
41331583;583031;Holasice;;;;;40771;Holasice;824623;Rozhraní;è.p.;396;;;66461;599866.12;1173436.58;2013-12-01T00:00:00
41588797;583031;Holasice;;;;;40771;Holasice;824623;Rozhraní;è.p.;403;;;66461;599839.93;1173420.72;2013-12-01T00:00:00
41591291;583031;Holasice;;;;;40771;Holasice;824623;Rozhraní;è.p.;429;;;66461;599881.45;1173642.95;2013-12-01T00:00:00
41663641;583031;Holasice;;;;;40771;Holasice;824623;Rozhraní;è.p.;392;;;66461;599918.98;1173452.10;2013-12-01T00:00:00
41664761;583031;Holasice;;;;;40771;Holasice;824623;Rozhraní;è.p.;401;;;66461;599862.25;1173416.80;2013-12-01T00:00:00
41737954;583031;Holasice;;;;;40771;Holasice;824623;Rozhraní;è.p.;374;;;66461;599938.62;1173597.84;2013-12-01T00:00:00
41737971;583031;Holasice;;;;;40771;Holasice;824623;Rozhraní;è.p.;430;;;66461;599843.83;1173446.81;2013-12-01T00:00:00
41738225;583031;Holasice;;;;;40771;Holasice;824623;Rozhraní;è.p.;373;;;66461;599946.41;1173595.84;2013-12-01T00:00:00
41773349;583031;Holasice;;;;;40771;Holasice;824623;Rozhraní;è.p.;366;;;66461;599959.86;1173610.84;2013-12-01T00:00:00
42266700;583031;Holasice;;;;;40771;Holasice;38121;Palackého;è.p.;333;;;66461;599591.76;1173974.48;2013-12-01T00:00:00
42280877;583031;Holasice;;;;;40771;Holasice;824623;Rozhraní;è.p.;369;;;66461;599918.75;1173620.56;2013-12-01T00:00:00
42289017;583031;Holasice;;;;;40771;Holasice;38148;Václavská;è.p.;323;;;66461;599514.28;1173844.68;2013-12-01T00:00:00
42324416;583031;Holasice;;;;;40771;Holasice;824623;Rozhraní;è.p.;394;;;66461;599872.06;1173476.37;2013-12-01T00:00:00
42453445;583031;Holasice;;;;;40771;Holasice;824623;Rozhraní;è.p.;402;;;66461;599844.15;1173418.05;2013-12-01T00:00:00
42454085;583031;Holasice;;;;;40771;Holasice;824623;Rozhraní;è.p.;371;;;66461;599900.94;1173631.43;2013-12-01T00:00:00
42454158;583031;Holasice;;;;;40771;Holasice;824623;Rozhraní;è.p.;362;;;66461;599918.80;1173404.63;2013-12-01T00:00:00
42641349;583031;Holasice;;;;;40771;Holasice;824623;Rozhraní;è.p.;350;;;66461;600014.37;1173615.69;2013-12-01T00:00:00
42701821;583031;Holasice;;;;;40771;Holasice;824623;Rozhraní;è.p.;389;;;66461;599889.29;1173497.85;2013-12-01T00:00:00
42716969;583031;Holasice;;;;;40771;Holasice;824623;Rozhraní;è.p.;383;;;66461;599922.09;1173532.11;2013-12-01T00:00:00
42791740;583031;Holasice;;;;;40771;Holasice;824623;Rozhraní;è.p.;404;;;66461;599811.37;1173443.37;2013-12-01T00:00:00
42828970;583031;Holasice;;;;;40771;Holasice;824623;Rozhraní;è.p.;385;;;66461;599898.54;1173538.68;2013-12-01T00:00:00
42847842;583031;Holasice;;;;;40771;Holasice;824623;Rozhraní;è.p.;382;;;66461;599937.03;1173527.19;2013-12-01T00:00:00
70840695;583031;Holasice;;;;;40771;Holasice;824623;Rozhraní;è.p.;351;;;66461;600002.32;1173598.29;2014-01-06T00:00:00
72268182;583031;Holasice;;;;;40771;Holasice;824623;Rozhraní;è.p.;365;;;66461;599974.20;1173606.05;2014-02-27T00:00:00
72449357;583031;Holasice;;;;;40771;Holasice;824623;Rozhraní;è.p.;377;;;66461;599952.52;1173544.64;2014-03-25T00:00:00
72886561;583031;Holasice;;;;;40771;Holasice;824623;Rozhraní;è.p.;391;;;66461;599859.03;1173511.63;2014-07-11T00:00:00
73051306;583031;Holasice;;;;;40771;Holasice;824623;Rozhraní;è.p.;384;;;66461;599910.07;1173535.84;2014-09-12T00:00:00
73169340;583031;Holasice;;;;;40771;Holasice;38148;Václavská;è.p.;319;;;66461;599384.53;1174077.07;2014-10-31T00:00:00
73279625;583031;Holasice;;;;;40771;Holasice;824623;Rozhraní;è.p.;361;;;66461;599928.42;1173426.18;2014-12-16T00:00:00
73576093;583031;Holasice;;;;;40771;Holasice;824623;Rozhraní;è.p.;388;;;66461;599924.41;1173484.42;2015-04-09T00:00:00
73642274;583031;Holasice;;;;;40771;Holasice;824623;Rozhraní;è.p.;367;;;66461;599947.74;1173612.39;2015-04-30T00:00:00
73844977;583031;Holasice;;;;;40771;Holasice;38148;Václavská;è.p.;324;;;66461;599565.56;1174174.99;2015-07-07T00:00:00
73929182;583031;Holasice;;;;;40771;Holasice;824623;Rozhraní;è.p.;432;;;66461;599822.28;1173452.16;2015-07-31T00:00:00
74387511;583031;Holasice;;;;;40771;Holasice;824623;Rozhraní;è.p.;399;;;66461;599884.91;1173406.07;2015-12-17T00:00:00
74532537;583031;Holasice;;;;;40771;Holasice;38148;Václavská;è.p.;318;;;66461;599428.54;1174185.03;2016-02-02T00:00:00
74532634;583031;Holasice;;;;;40771;Holasice;38091;J. Fuèíka;è.p.;326;;;66461;599661.39;1173595.35;2016-02-02T00:00:00
74532804;583031;Holasice;;;;;40771;Holasice;38091;J. Fuèíka;è.p.;325;;;66461;599661.05;1173588.16;2016-02-02T00:00:00
74889516;583031;Holasice;;;;;40771;Holasice;824623;Rozhraní;è.p.;409;;;66461;599834.74;1173492.00;2016-04-15T00:00:00
75045265;583031;Holasice;;;;;40771;Holasice;824623;Rozhraní;è.p.;359;;;66461;599945.04;1173466.26;2016-05-25T00:00:00
75470187;583031;Holasice;;;;;40771;Holasice;824623;Rozhraní;è.p.;376;;;66461;599901.01;1173608.12;2016-10-27T00:00:00
75910284;583031;Holasice;;;;;40771;Holasice;38121;Palackého;è.p.;327;;;66461;599651.85;1174120.98;2017-03-09T00:00:00
76161897;583031;Holasice;;;;;40771;Holasice;2050552;Ètvrtì;è.p.;453;;;66461;600011.70;1173843.45;2017-05-22T00:00:00
76170136;583031;Holasice;;;;;40771;Holasice;2050552;Ètvrtì;è.p.;450;;;66461;600018.96;1173864.06;2017-05-22T00:00:00
76170187;583031;Holasice;;;;;40771;Holasice;2050552;Ètvrtì;è.p.;451;;;66461;600016.51;1173857.68;2017-05-22T00:00:00
76170225;583031;Holasice;;;;;40771;Holasice;2050552;Ètvrtì;è.p.;452;;;66461;600013.77;1173850.46;2017-05-22T00:00:00
76170721;583031;Holasice;;;;;40771;Holasice;2050552;Ètvrtì;è.p.;459;;;66461;599990.63;1173784.15;2017-05-22T00:00:00
76170764;583031;Holasice;;;;;40771;Holasice;2050552;Ètvrtì;è.p.;460;;;66461;599988.47;1173777.35;2017-05-22T00:00:00
76170802;583031;Holasice;;;;;40771;Holasice;2050552;Ètvrtì;è.p.;461;;;66461;599985.73;1173770.53;2017-05-22T00:00:00
76170837;583031;Holasice;;;;;40771;Holasice;2050552;Ètvrtì;è.p.;462;;;66461;599983.11;1173763.39;2017-05-22T00:00:00
76171051;583031;Holasice;;;;;40771;Holasice;2050552;Ètvrtì;è.p.;454;;;66461;600009.34;1173836.70;2017-05-22T00:00:00
76171337;583031;Holasice;;;;;40771;Holasice;2050552;Ètvrtì;è.p.;465;;;66461;599976.09;1173742.44;2017-05-22T00:00:00
76197166;583031;Holasice;;;;;40771;Holasice;2050552;Ètvrtì;è.p.;458;;;66461;599999.07;1173808.04;2017-06-05T00:00:00
76197182;583031;Holasice;;;;;40771;Holasice;2050552;Ètvrtì;è.p.;464;;;66461;599978.37;1173749.12;2017-06-05T00:00:00
76197247;583031;Holasice;;;;;40771;Holasice;2050552;Ètvrtì;è.p.;466;;;66461;599973.70;1173734.68;2017-06-05T00:00:00
77619625;583031;Holasice;;;;;40771;Holasice;2050552;Ètvrtì;è.p.;449;;;66461;600025.59;1173886.62;2017-09-04T00:00:00
77619650;583031;Holasice;;;;;40771;Holasice;2050552;Ètvrtì;è.p.;455;;;66461;600006.95;1173829.29;2017-09-04T00:00:00
77619676;583031;Holasice;;;;;40771;Holasice;2050552;Ètvrtì;è.p.;456;;;66461;600004.28;1173822.08;2017-09-04T00:00:00
77619692;583031;Holasice;;;;;40771;Holasice;2050552;Ètvrtì;è.p.;457;;;66461;600001.93;1173815.13;2017-09-04T00:00:00
77619731;583031;Holasice;;;;;40771;Holasice;2050552;Ètvrtì;è.p.;463;;;66461;599980.82;1173756.32;2017-09-04T00:00:00
77723431;583031;Holasice;;;;;40771;Holasice;38121;Palackého;è.p.;330;;;66461;599696.84;1174086.48;2017-10-17T00:00:00
77724879;583031;Holasice;;;;;40771;Holasice;2050552;Ètvrtì;è.p.;470;;;66461;599957.35;1173691.12;2017-10-17T00:00:00
77751485;583031;Holasice;;;;;40771;Holasice;2050552;Ètvrtì;è.p.;469;;;66461;599959.98;1173697.76;2017-10-27T00:00:00
77838378;583031;Holasice;;;;;40771;Holasice;2050552;Ètvrtì;è.p.;445;;;66461;600033.48;1173916.20;2017-12-01T00:00:00
77878019;583031;Holasice;;;;;40771;Holasice;2050552;Ètvrtì;è.p.;443;;;66461;600037.15;1173930.55;2017-12-15T00:00:00
78050511;583031;Holasice;;;;;40771;Holasice;2050552;Ètvrtì;è.p.;441;;;66461;600041.02;1173944.92;2018-02-23T00:00:00
78050545;583031;Holasice;;;;;40771;Holasice;2050552;Ètvrtì;è.p.;467;;;66461;599964.86;1173711.26;2018-02-23T00:00:00
78050561;583031;Holasice;;;;;40771;Holasice;2050552;Ètvrtì;è.p.;472;;;66461;599951.99;1173676.62;2018-02-23T00:00:00
78668824;583031;Holasice;;;;;40771;Holasice;2050552;Ètvrtì;è.p.;446;;;66461;600031.05;1173908.43;2018-09-06T00:00:00
78722641;583031;Holasice;;;;;40771;Holasice;2050552;Ètvrtì;è.p.;448;;;66461;600027.18;1173893.80;2018-09-27T00:00:00
78757312;583031;Holasice;;;;;40771;Holasice;38105;Na Zahrádkách;è.p.;304;;;66461;599685.55;1173881.86;2018-10-10T00:00:00
79456855;583031;Holasice;;;;;40771;Holasice;2050552;Ètvrtì;è.p.;447;;;66461;600029.19;1173900.82;2019-06-12T00:00:00
79457029;583031;Holasice;;;;;40771;Holasice;2050552;Ètvrtì;è.p.;444;;;66461;600035.37;1173922.80;2019-06-12T00:00:00
79973281;583031;Holasice;;;;;40771;Holasice;2050552;Ètvrtì;è.p.;468;;;66461;599962.69;1173704.64;2019-10-16T00:00:00
80058086;583031;Holasice;;;;;40771;Holasice;2050552;Ètvrtì;è.p.;440;;;66461;600043.19;1173951.35;2019-11-14T00:00:00
80058396;583031;Holasice;;;;;40771;Holasice;2050552;Ètvrtì;è.p.;442;;;66461;600039.37;1173937.17;2019-11-14T00:00:00
80171460;583031;Holasice;;;;;40771;Holasice;2050552;Ètvrtì;è.p.;473;;;66461;599951.40;1173667.68;2019-12-12T00:00:00
80471307;583031;Holasice;;;;;40771;Holasice;38083;Èsl. armády;è.p.;328;;;66461;599678.45;1174243.75;2020-03-11T00:00:00
80511139;583031;Holasice;;;;;40771;Holasice;2050552;Ètvrtì;è.p.;471;;;66461;599954.98;1173683.50;2020-03-26T00:00:00
80602070;583031;Holasice;;;;;40771;Holasice;2050552;Ètvrtì;è.p.;493;;;66461;599941.36;1173769.05;2020-05-11T00:00:00
80683266;583031;Holasice;;;;;40771;Holasice;2050552;Ètvrtì;è.p.;491;;;66461;599947.17;1173790.55;2020-05-28T00:00:00
80895212;583031;Holasice;;;;;40771;Holasice;2050552;Ètvrtì;è.p.;494;;;66461;599937.46;1173753.89;2020-06-30T00:00:00
80895263;583031;Holasice;;;;;40771;Holasice;2050552;Ètvrtì;è.p.;490;;;66461;599949.06;1173798.08;2020-06-30T00:00:00
80994199;583031;Holasice;;;;;40771;Holasice;2050552;Ètvrtì;è.p.;492;;;66461;599943.16;1173775.91;2020-07-21T00:00:00
81185995;583031;Holasice;;;;;40771;Holasice;2050552;Ètvrtì;è.p.;495;;;66461;599935.67;1173745.89;2020-10-05T00:00:00
81299435;583031;Holasice;;;;;40771;Holasice;38121;Palackého;è.p.;331;;;66461;599606.99;1174133.20;2020-11-20T00:00:00
81303297;583031;Holasice;;;;;40771;Holasice;;;è.p.;329;;;66461;599233.35;1174331.24;2020-11-23T00:00:00
81621795;583031;Holasice;;;;;40771;Holasice;2050552;Ètvrtì;è.p.;488;;;66461;599961.99;1173818.64;2021-04-06T00:00:00
81622104;583031;Holasice;;;;;40771;Holasice;2050552;Ètvrtì;è.p.;496;;;66461;599932.44;1173799.16;2021-04-06T00:00:00
81869452;583031;Holasice;;;;;40771;Holasice;2050552;Ètvrtì;è.p.;489;;;66461;599969.07;1173816.22;2021-06-03T00:00:00
81871007;583031;Holasice;;;;;40771;Holasice;2050552;Ètvrtì;è.p.;484;;;66461;599933.16;1173828.51;2021-06-03T00:00:00
81871287;583031;Holasice;;;;;40771;Holasice;2050552;Ètvrtì;è.p.;485;;;66461;599933.51;1173828.09;2021-06-03T00:00:00
81929013;583031;Holasice;;;;;40771;Holasice;2050552;Ètvrtì;è.p.;486;;;66461;599947.76;1173823.56;2021-06-28T00:00:00
81977727;583031;Holasice;;;;;40771;Holasice;2050552;Ètvrtì;è.p.;487;;;66461;599954.81;1173820.89;2021-07-21T00:00:00
81998821;583031;Holasice;;;;;40771;Holasice;2050552;Ètvrtì;è.p.;475;;;66461;599977.25;1173911.71;2021-07-30T00:00:00
81998848;583031;Holasice;;;;;40771;Holasice;2050552;Ètvrtì;è.p.;474;;;66461;599970.20;1173914.13;2021-07-30T00:00:00
82054762;583031;Holasice;;;;;40771;Holasice;2050552;Ètvrtì;è.p.;483;;;66461;599986.37;1173869.01;2021-08-30T00:00:00
82084203;583031;Holasice;;;;;40771;Holasice;2050552;Ètvrtì;è.p.;476;;;66461;599984.12;1173909.09;2021-09-08T00:00:00
82084319;583031;Holasice;;;;;40771;Holasice;2050552;Ètvrtì;è.p.;477;;;66461;599991.40;1173906.57;2021-09-08T00:00:00
82084351;583031;Holasice;;;;;40771;Holasice;2050552;Ètvrtì;è.p.;478;;;66461;599998.04;1173904.43;2021-09-08T00:00:00
82084581;583031;Holasice;;;;;40771;Holasice;2050552;Ètvrtì;è.p.;508;;;66461;599953.98;1173893.43;2021-09-08T00:00:00
82084688;583031;Holasice;;;;;40771;Holasice;2050552;Ètvrtì;è.p.;479;;;66461;599958.66;1173878.14;2021-09-08T00:00:00
82084807;583031;Holasice;;;;;40771;Holasice;2050552;Ètvrtì;è.p.;480;;;66461;599965.17;1173876.00;2021-09-08T00:00:00
82084840;583031;Holasice;;;;;40771;Holasice;2050552;Ètvrtì;è.p.;481;;;66461;599972.62;1173873.65;2021-09-08T00:00:00
82084998;583031;Holasice;;;;;40771;Holasice;2050552;Ètvrtì;è.p.;482;;;66461;599979.59;1173871.21;2021-09-08T00:00:00
82199477;583031;Holasice;;;;;40771;Holasice;2050552;Ètvrtì;è.p.;501;;;66461;599922.65;1173727.19;2021-10-19T00:00:00
82233292;583031;Holasice;;;;;40771;Holasice;2050552;Ètvrtì;è.p.;503;;;66461;599936.83;1173722.09;2021-11-03T00:00:00
82304611;583031;Holasice;;;;;40771;Holasice;2050552;Ètvrtì;è.p.;500;;;66461;599915.81;1173729.23;2021-11-30T00:00:00
82304947;583031;Holasice;;;;;40771;Holasice;2050552;Ètvrtì;è.p.;502;;;66461;599929.84;1173724.55;2021-11-30T00:00:00
82305056;583031;Holasice;;;;;40771;Holasice;2050552;Ètvrtì;è.p.;499;;;66461;599909.48;1173731.59;2021-11-30T00:00:00
82442991;583031;Holasice;;;;;40771;Holasice;2050552;Ètvrtì;è.p.;498;;;66461;599919.54;1173751.51;2022-01-07T00:00:00
82444391;583031;Holasice;;;;;40771;Holasice;2050552;Ètvrtì;è.p.;497;;;66461;599925.93;1173775.12;2022-01-07T00:00:00
82746044;583031;Holasice;;;;;40771;Holasice;2050552;Ètvrtì;è.p.;506;;;66461;599913.78;1173681.77;2022-03-15T00:00:00
82889325;583031;Holasice;;;;;40771;Holasice;2050552;Ètvrtì;è.p.;507;;;66461;599919.99;1173679.41;2022-04-21T00:00:00
82889473;583031;Holasice;;;;;40771;Holasice;2050552;Ètvrtì;è.p.;504;;;66461;599899.89;1173687.03;2022-04-21T00:00:00
85376558;583031;Holasice;;;;;40771;Holasice;824623;Rozhraní;è.p.;370;;;66461;599912.30;1173621.71;2023-07-24T00:00:00
85651991;583031;Holasice;;;;;40771;Holasice;;;è.ev.;30;;;66461;599653.38;1173331.71;2023-10-11T00:00:00
85792063;583031;Holasice;;;;;40771;Holasice;;;è.p.;336;;;66461;600178.49;1173636.44;2023-11-27T00:00:00
85793329;583031;Holasice;;;;;40771;Holasice;38075;Brnìnská;è.p.;335;;;66461;599923.88;1174001.46;2023-11-27T00:00:00
